nohup: ignoring input
00:00:04 start time: 2020-10-09 10:05:16.025323
     Cut value | 10                                       
      Fold num | 10                                       
Remain p value | 0.01000                                  
     Data name | COAD                                     
          Seed | 6                                        
   Max process | 5                                        
    Index path | ../dataset/gene_symbol_list_exceptSLC35E2
      Data dir | ../dataset/COAD/                         
    Result dir | ../cache/result_1to23/COAD/              

00:00:04 1.0 read data
00:00:04  ../dataset/COAD/1ndata.txt (20529, 41)
00:00:04  ../dataset/COAD/2S1tdata.txt (20529, 45)
00:00:05  ../dataset/COAD/3S2tdata.txt (20529, 110)
00:00:05  ../dataset/COAD/4S3tdata.txt (20529, 82)
00:00:05  ../dataset/COAD/5S4tdata.txt (20529, 39)
00:00:05 1.1 initData min by 10
00:00:05   remain features count: 14413
00:00:05 1.2 change data to log
00:00:05 2 calculate the similarity matrix
00:00:05   calculate spearmon 0,  (14413, 41)
00:00:05   spearmon 0 by fold=0/10 35 sample=[10, 37, 38, 14, 16, 32, 4, 13, 5, 26, 20, 36, 25, 6, 21, 39, 17, 2, 31, 12, 7, 22, 30, 29, 33, 9, 15, 24, 3, 28, 18, 23, 34, 11, 19]
00:00:05   calculate spearmon 1,  (14413, 45)
00:00:05   spearmon 1 by fold=0/10 35 sample=[8, 4, 6, 10, 32, 18, 15, 19, 21, 22, 30, 25, 3, 40, 13, 38, 16, 34, 33, 17, 14, 2, 31, 28, 37, 1, 39, 42, 26, 44, 35, 27, 11, 20, 12]
00:00:05   calculate spearmon 2,  (14413, 110)
00:00:05   spearmon 2 by fold=0/10 35 sample=[94, 104, 0, 42, 4, 95, 98, 3, 18, 16, 85, 79, 101, 91, 60, 23, 57, 48, 82, 37, 83, 74, 59, 63, 34, 106, 80, 33, 13, 47, 77, 64, 24, 109, 44]
00:00:05   calculate spearmon 3,  (14413, 82)
00:00:05   spearmon 3 by fold=0/10 35 sample=[78, 55, 8, 19, 45, 74, 57, 11, 3, 79, 23, 21, 34, 75, 15, 4, 14, 54, 9, 70, 2, 47, 61, 35, 46, 16, 63, 53, 42, 25, 31, 32, 81, 38, 41]
00:00:05   calculate spearmon 4,  (14413, 39)
00:00:05   spearmon 4 by fold=0/10 35 sample=[15, 28, 12, 25, 38, 13, 29, 33, 10, 14, 35, 7, 21, 9, 6, 2, 11, 36, 16, 34, 32, 5, 24, 37, 8, 0, 31, 3, 26, 30, 20, 1, 4, 18, 27]
00:05:31   spearmon 3 by fold=1/10 35 sample=[50, 60, 22, 5, 49, 36, 69, 24, 71, 58, 76, 20, 7, 77, 37, 56, 43, 0, 18, 65, 40, 62, 6, 39, 51, 59, 12, 10, 27, 80, 48, 28, 66, 30, 1]
00:05:32   spearmon 2 by fold=1/10 35 sample=[96, 43, 72, 89, 105, 54, 103, 51, 99, 69, 90, 97, 22, 38, 21, 81, 40, 46, 14, 45, 9, 7, 15, 102, 55, 29, 5, 17, 8, 67, 76, 26, 71, 78, 52]
00:05:37   spearmon 1 by fold=1/10 35 sample=[36, 0, 5, 29, 9, 41, 24, 43, 23, 7, 13, 15, 9, 28, 23, 37, 39, 33, 8, 26, 38, 1, 2, 10, 40, 4, 32, 16, 11, 14, 27, 6, 12, 25, 34]
00:05:50   spearmon 4 by fold=1/10 35 sample=[22, 17, 19, 23, 6, 16, 28, 11, 30, 24, 27, 0, 31, 15, 22, 21, 17, 12, 26, 36, 32, 38, 8, 4, 23, 35, 25, 14, 13, 19, 7, 2, 5, 3, 1]
00:05:53   spearmon 0 by fold=1/10 35 sample=[27, 35, 40, 0, 1, 8, 35, 24, 22, 6, 25, 8, 1, 12, 9, 0, 28, 16, 13, 3, 21, 31, 37, 20, 7, 2, 11, 30, 38, 33, 18, 39, 14, 26, 15]
00:11:23   spearmon 3 by fold=2/10 35 sample=[29, 17, 26, 67, 33, 68, 13, 52, 72, 64, 44, 73, 40, 59, 32, 63, 25, 13, 2, 20, 58, 56, 9, 60, 42, 81, 14, 23, 50, 11, 5, 44, 12, 8, 53]
00:11:24   spearmon 2 by fold=2/10 35 sample=[73, 11, 2, 28, 88, 35, 19, 56, 20, 49, 92, 31, 62, 25, 53, 36, 70, 84, 65, 32, 41, 39, 87, 27, 6, 66, 100, 58, 1, 68, 108, 30, 86, 12, 10]
00:13:01   spearmon 1 by fold=2/10 35 sample=[30, 5, 22, 20, 0, 24, 44, 31, 36, 35, 3, 18, 43, 21, 29, 7, 19, 42, 17, 41, 27, 40, 17, 10, 37, 21, 35, 26, 15, 34, 38, 0, 18, 22, 36]
00:16:01   spearmon 0 by fold=2/10 35 sample=[5, 27, 34, 19, 10, 36, 40, 29, 23, 17, 32, 4, 26, 30, 40, 24, 11, 12, 15, 37, 16, 28, 14, 23, 10, 32, 38, 18, 19, 0, 34, 39, 21, 22, 2]
00:18:18   spearmon 4 by fold=2/10 35 sample=[29, 10, 18, 34, 9, 20, 37, 33, 22, 30, 19, 8, 14, 18, 24, 31, 17, 26, 4, 1, 34, 12, 36, 6, 23, 5, 16, 37, 27, 0, 33, 2, 9, 20, 28]
00:24:49   spearmon 2 by fold=3/10 35 sample=[75, 93, 61, 107, 50, 33, 99, 102, 21, 63, 79, 47, 29, 38, 83, 27, 11, 70, 100, 73, 71, 89, 81, 60, 84, 72, 3, 76, 0, 56, 41, 93, 50, 80, 46]
00:24:50   spearmon 3 by fold=3/10 35 sample=[45, 46, 75, 17, 36, 48, 3, 29, 71, 51, 61, 54, 22, 79, 37, 26, 1, 77, 67, 55, 68, 69, 64, 78, 18, 39, 0, 52, 7, 74, 34, 70, 28, 73, 31]
00:25:02   spearmon 1 by fold=3/10 35 sample=[11, 28, 42, 33, 44, 23, 32, 30, 8, 31, 3, 19, 41, 39, 5, 7, 13, 1, 9, 43, 20, 14, 29, 4, 24, 6, 25, 2, 16, 12, 31, 10, 23, 35, 16]
00:27:42   spearmon 0 by fold=3/10 35 sample=[36, 3, 8, 31, 35, 4, 7, 29, 33, 17, 9, 5, 27, 25, 1, 6, 13, 20, 10, 25, 40, 3, 2, 0, 13, 14, 24, 35, 27, 31, 20, 15, 12, 11, 4]
00:27:57   spearmon 4 by fold=3/10 35 sample=[13, 7, 15, 38, 3, 35, 29, 11, 21, 25, 10, 32, 2, 13, 33, 3, 7, 11, 24, 22, 16, 38, 15, 14, 27, 10, 37, 29, 21, 32, 30, 31, 4, 36, 1]
00:32:31   spearmon 2 by fold=4/10 35 sample=[25, 36, 15, 19, 86, 20, 54, 24, 97, 35, 2, 31, 12, 28, 61, 45, 106, 17, 26, 68, 57, 8, 43, 82, 67, 58, 44, 40, 37, 9, 65, 103, 23, 87, 85]
00:32:36   spearmon 3 by fold=4/10 35 sample=[38, 62, 49, 76, 57, 41, 16, 4, 66, 80, 30, 15, 65, 47, 27, 21, 35, 72, 33, 19, 24, 43, 6, 10, 5, 7, 70, 67, 22, 49, 78, 43, 37, 71, 13]
00:34:19   spearmon 1 by fold=4/10 35 sample=[17, 21, 8, 11, 2, 0, 5, 37, 36, 13, 30, 3, 28, 44, 6, 33, 12, 41, 14, 43, 22, 9, 4, 40, 39, 19, 27, 32, 38, 34, 24, 25, 26, 29, 20]
00:35:17   spearmon 0 by fold=4/10 35 sample=[33, 36, 1, 18, 16, 28, 37, 17, 21, 22, 39, 34, 6, 30, 29, 32, 19, 26, 5, 23, 8, 9, 38, 7, 22, 28, 10, 33, 9, 0, 36, 14, 20, 24, 30]
00:36:02   spearmon 4 by fold=4/10 35 sample=[0, 23, 19, 35, 12, 26, 8, 18, 28, 34, 5, 6, 20, 25, 17, 9, 30, 37, 9, 24, 13, 34, 16, 12, 26, 20, 14, 22, 3, 31, 0, 5, 32, 2, 36]
00:40:20   spearmon 2 by fold=5/10 35 sample=[32, 107, 90, 64, 13, 108, 39, 42, 51, 18, 6, 96, 74, 48, 62, 34, 91, 104, 49, 5, 92, 4, 53, 16, 94, 14, 52, 75, 77, 22, 78, 59, 88, 105, 10]
00:40:50   spearmon 3 by fold=5/10 35 sample=[39, 19, 64, 73, 47, 55, 80, 52, 34, 76, 75, 31, 56, 6, 74, 69, 24, 79, 0, 8, 44, 54, 2, 29, 72, 33, 59, 10, 16, 35, 45, 81, 32, 1, 50]
00:41:14   spearmon 1 by fold=5/10 35 sample=[42, 7, 1, 15, 18, 21, 39, 23, 2, 38, 3, 7, 43, 9, 44, 16, 30, 15, 17, 41, 25, 32, 27, 11, 12, 26, 19, 34, 20, 13, 0, 28, 4, 33, 42]
00:42:36   spearmon 0 by fold=5/10 35 sample=[15, 31, 12, 19, 40, 18, 17, 39, 29, 5, 8, 25, 27, 11, 13, 37, 3, 23, 21, 6, 34, 16, 32, 7, 2, 4, 35, 26, 38, 1, 35, 25, 27, 31, 10]
00:43:50   spearmon 4 by fold=5/10 35 sample=[33, 8, 35, 1, 7, 21, 29, 23, 19, 17, 27, 15, 6, 18, 10, 11, 28, 4, 38, 25, 22, 16, 37, 23, 2, 32, 9, 5, 38, 15, 14, 13, 26, 24, 36]
00:46:10   spearmon 2 by fold=6/10 35 sample=[69, 109, 66, 101, 30, 55, 1, 98, 7, 95, 59, 35, 71, 63, 32, 13, 73, 58, 27, 45, 62, 64, 78, 47, 11, 84, 10, 39, 21, 5, 61, 50, 57, 40, 16]
00:47:52   spearmon 3 by fold=6/10 35 sample=[28, 53, 58, 11, 14, 68, 63, 46, 65, 18, 66, 61, 51, 26, 40, 60, 23, 9, 38, 3, 42, 25, 27, 12, 41, 77, 48, 4, 57, 30, 17, 21, 62, 20, 36]
00:47:59   spearmon 1 by fold=6/10 35 sample=[10, 22, 18, 8, 36, 29, 1, 6, 14, 24, 35, 5, 31, 37, 40, 31, 10, 30, 7, 17, 26, 36, 11, 8, 27, 28, 21, 12, 33, 24, 19, 40, 9, 25, 18]
00:48:54   spearmon 0 by fold=6/10 35 sample=[6, 40, 28, 3, 32, 21, 29, 2, 20, 24, 1, 5, 0, 26, 12, 7, 8, 37, 14, 4, 19, 36, 11, 15, 38, 17, 34, 13, 39, 16, 23, 18, 30, 22, 33]
00:50:24   spearmon 4 by fold=6/10 35 sample=[34, 31, 25, 4, 6, 12, 27, 28, 35, 11, 29, 3, 1, 10, 20, 19, 7, 17, 18, 30, 21, 8, 0, 33, 30, 23, 33, 36, 7, 27, 24, 6, 20, 15, 22]
00:53:25   spearmon 2 by fold=7/10 35 sample=[25, 20, 1, 88, 17, 69, 49, 94, 85, 42, 105, 56, 46, 41, 15, 100, 9, 66, 76, 6, 96, 65, 103, 54, 23, 4, 87, 79, 18, 26, 80, 51, 55, 33, 89]
00:54:41   spearmon 3 by fold=7/10 35 sample=[15, 21, 9, 33, 35, 40, 12, 57, 75, 66, 7, 54, 47, 11, 65, 64, 81, 17, 62, 26, 2, 27, 13, 69, 30, 31, 37, 6, 28, 15, 46, 78, 8, 18, 79]
00:54:46   spearmon 1 by fold=7/10 35 sample=[39, 2, 16, 4, 38, 32, 15, 42, 3, 20, 44, 5, 1, 43, 34, 29, 0, 13, 14, 35, 37, 23, 6, 22, 41, 23, 7, 21, 42, 43, 17, 30, 29, 19, 28]
00:54:50   spearmon 0 by fold=7/10 35 sample=[9, 35, 40, 20, 6, 19, 3, 8, 10, 14, 28, 39, 21, 26, 12, 9, 2, 23, 1, 38, 32, 15, 7, 18, 4, 27, 33, 17, 24, 5, 29, 25, 36, 13, 37]
00:56:22   spearmon 4 by fold=7/10 35 sample=[32, 4, 37, 38, 26, 14, 34, 5, 13, 0, 9, 19, 17, 1, 18, 3, 16, 2, 29, 28, 21, 25, 31, 12, 35, 11, 10, 8, 28, 15, 16, 38, 0, 13, 27]
01:00:06   spearmon 2 by fold=8/10 35 sample=[3, 44, 24, 68, 53, 60, 34, 70, 93, 97, 29, 19, 109, 75, 28, 14, 8, 102, 7, 74, 38, 37, 72, 90, 12, 31, 22, 104, 99, 36, 86, 107, 91, 0, 82]
01:00:14   spearmon 3 by fold=8/10 35 sample=[3, 55, 70, 76, 42, 61, 63, 71, 5, 25, 32, 52, 59, 34, 49, 43, 53, 38, 1, 51, 14, 80, 45, 60, 73, 23, 68, 36, 48, 24, 4, 20, 50, 19, 10]
01:00:17   spearmon 1 by fold=8/10 35 sample=[39, 41, 14, 40, 15, 10, 31, 9, 0, 13, 4, 38, 16, 26, 8, 36, 24, 27, 35, 12, 18, 33, 44, 5, 6, 37, 34, 25, 2, 22, 11, 32, 3, 1, 20]
01:00:40   spearmon 0 by fold=8/10 35 sample=[0, 22, 30, 16, 31, 34, 11, 16, 35, 34, 2, 36, 4, 13, 29, 23, 19, 5, 26, 3, 7, 9, 14, 30, 12, 18, 38, 37, 1, 39, 0, 25, 32, 6, 31]
01:03:27   spearmon 4 by fold=8/10 35 sample=[4, 34, 26, 17, 5, 2, 1, 14, 25, 23, 31, 24, 32, 29, 22, 3, 11, 33, 10, 21, 19, 37, 30, 12, 8, 35, 20, 36, 18, 6, 9, 7, 23, 11, 8]
01:07:38   spearmon 3 by fold=9/10 35 sample=[58, 41, 44, 22, 67, 0, 72, 56, 39, 16, 77, 74, 29, 61, 77, 41, 39, 23, 28, 10, 37, 15, 16, 9, 17, 26, 56, 27, 2, 52, 70, 31, 7, 46, 69]
01:07:38   spearmon 2 by fold=9/10 35 sample=[108, 77, 83, 106, 30, 81, 95, 43, 52, 67, 98, 2, 48, 101, 92, 54, 5, 22, 23, 71, 40, 0, 8, 87, 1, 82, 103, 73, 30, 42, 92, 12, 10, 21, 53]
01:07:41   spearmon 1 by fold=9/10 35 sample=[20, 33, 24, 35, 43, 37, 16, 23, 26, 2, 6, 39, 19, 12, 21, 40, 0, 8, 44, 10, 7, 25, 27, 17, 32, 34, 36, 1, 31, 11, 13, 5, 29, 14, 28]
01:07:42   spearmon 0 by fold=9/10 35 sample=[40, 20, 22, 11, 27, 17, 21, 10, 24, 33, 8, 15, 28, 7, 24, 21, 37, 27, 38, 0, 9, 32, 11, 30, 16, 2, 17, 20, 28, 25, 10, 1, 23, 22, 3]
01:09:04   spearmon 4 by fold=9/10 35 sample=[24, 1, 5, 17, 38, 29, 19, 9, 36, 16, 21, 20, 0, 25, 13, 35, 26, 4, 14, 27, 3, 33, 6, 18, 28, 31, 37, 22, 12, 30, 15, 34, 7, 10, 2]
01:13:04   spearmon 0 finish
01:13:06   spearmon 1 finish
01:13:09   spearmon 2 finish
01:13:17   spearmon 3 finish
01:13:20   output file ../cache/result_1to23/COAD/COAD_0_cor_fold.pkl
01:13:22   output file ../cache/result_1to23/COAD/COAD_1_cor_fold.pkl
01:13:26   output file ../cache/result_1to23/COAD/COAD_2_cor_fold.pkl
01:13:31   output file ../cache/result_1to23/COAD/COAD_0_p_fold.pkl
01:13:32   output file ../cache/result_1to23/COAD/COAD_1_p_fold.pkl
01:13:36   output file ../cache/result_1to23/COAD/COAD_2_p_fold.pkl
01:13:46   delete spearmon 0 by p>0.010000
01:13:47   delete spearmon 1 by p>0.010000
01:13:50   delete spearmon 2 by p>0.010000
01:13:51   output file ../cache/result_1to23/COAD/COAD_3_cor_fold.pkl
01:14:05   output file ../cache/result_1to23/COAD/COAD_3_p_fold.pkl
01:14:18   delete spearmon 3 by p>0.010000
01:15:28   calculate spearmon 1 finish
01:15:28   calculate spearmon 2 finish
01:15:28   calculate spearmon 0 finish
01:15:30   calculate spearmon 3 finish
01:15:34   spearmon 4 finish
01:15:50   output file ../cache/result_1to23/COAD/COAD_4_cor_fold.pkl
01:15:59   output file ../cache/result_1to23/COAD/COAD_4_p_fold.pkl
01:16:08   delete spearmon 4 by p>0.010000
01:16:11   calculate spearmon 4 finish
01:16:21 3 delete pvalue larger than 0.01
01:16:35   output file ../cache/result_1to23/COAD/0_cor_new.csv
01:20:17   output file ../cache/result_1to23/COAD/1_cor_new.csv
01:23:25   output file ../cache/result_1to23/COAD/2_cor_new.csv
01:26:30   output file ../cache/result_1to23/COAD/3_cor_new.csv
01:29:39   output file ../cache/result_1to23/COAD/4_cor_new.csv
01:32:44  remain shape (14413, 14413)
01:32:44 cal wilcox
           trend  up_down_0     p_value_0  ...  p_value_2  up_down_3  p_value_3
?4          -1.0       -1.0  4.123635e-12  ...   1.000000        0.0   1.000000
?5           0.0       -1.0  3.055639e-09  ...   0.041448        0.0   1.000000
?7          -2.0       -1.0  2.385535e-10  ...   0.016240        0.0   1.000000
?20          0.0        0.0  1.000000e+00  ...   0.009033        1.0   0.025296
?23          1.0        1.0  2.352153e-03  ...   1.000000        0.0   1.000000
...          ...        ...           ...  ...        ...        ...        ...
ZYG11B       1.0        1.0  6.022552e-14  ...   1.000000        0.0   1.000000
ZYX         -1.0       -1.0  5.917281e-04  ...   1.000000        0.0   1.000000
ZZEF1        1.0        1.0  3.689889e-18  ...   1.000000        0.0   1.000000
ZZZ3         0.0       -1.0  4.336325e-13  ...   1.000000        0.0   1.000000
psiTPTE22    0.0        1.0  2.095494e-05  ...   0.004082        0.0   1.000000

[14413 rows x 9 columns]
01:33:57 over.
R[write to console]: There were 50 or more warnings (use warnings() to see the first 50)
R[write to console]: 

