nohup: ignoring input
00:00:04 start time: 2020-10-09 10:05:16.025341
     Cut value | 10                                       
      Fold num | 10                                       
Remain p value | 0.01000                                  
     Data name | KIRC                                     
          Seed | 6                                        
   Max process | 5                                        
    Index path | ../dataset/gene_symbol_list_exceptSLC35E2
      Data dir | ../dataset/KIRC/                         
    Result dir | ../cache/result_1to23/KIRC/              

00:00:04 1.0 read data
00:00:05  ../dataset/KIRC/1ndata.txt (20529, 72)
00:00:05  ../dataset/KIRC/2S1tdata.txt (20529, 268)
00:00:06  ../dataset/KIRC/3S2tdata.txt (20529, 57)
00:00:06  ../dataset/KIRC/4S3tdata.txt (20529, 124)
00:00:06  ../dataset/KIRC/5S4tdata.txt (20529, 84)
00:00:06 1.1 initData min by 10
00:00:06   remain features count: 14836
00:00:06 1.2 change data to log
00:00:07 2 calculate the similarity matrix
00:00:07   calculate spearmon 0,  (14836, 72)
00:00:07   spearmon 0 by fold=0/10 51 sample=[4, 54, 57, 31, 50, 8, 11, 64, 48, 26, 7, 17, 6, 25, 22, 12, 33, 19, 14, 53, 28, 60, 3, 38, 27, 1, 65, 35, 42, 15, 32, 66, 52, 51, 58, 2, 71, 10, 55, 29, 39, 13, 9, 30, 43, 41, 37, 63, 67, 47, 56]
00:00:08   calculate spearmon 2,  (14836, 57)
00:00:08   spearmon 2 by fold=0/10 51 sample=[23, 8, 50, 15, 21, 6, 53, 38, 31, 25, 20, 56, 11, 27, 37, 9, 1, 52, 39, 17, 45, 26, 41, 51, 36, 43, 16, 29, 48, 24, 42, 54, 28, 7, 0, 22, 4, 18, 5, 3, 46, 35, 55, 10, 2, 44, 19, 33, 34, 30, 47]
00:00:08   calculate spearmon 1,  (14836, 268)
00:00:08   spearmon 1 by fold=0/10 51 sample=[214, 147, 127, 122, 49, 66, 91, 235, 241, 85, 152, 103, 207, 252, 61, 133, 41, 243, 3, 220, 193, 17, 114, 157, 172, 97, 263, 48, 31, 2, 232, 74, 211, 53, 178, 259, 177, 86, 156, 76, 27, 5, 258, 145, 195, 142, 228, 215, 163, 100, 56]
00:00:08   calculate spearmon 3,  (14836, 124)
00:00:08   spearmon 3 by fold=0/10 51 sample=[66, 98, 55, 118, 18, 23, 42, 39, 1, 16, 56, 81, 7, 45, 64, 28, 24, 100, 6, 95, 14, 52, 9, 119, 67, 104, 34, 35, 73, 8, 21, 99, 0, 86, 13, 29, 109, 44, 40, 57, 117, 37, 105, 101, 102, 41, 38, 2, 113, 114, 122]
00:00:08   calculate spearmon 4,  (14836, 84)
00:00:08   spearmon 4 by fold=0/10 51 sample=[49, 24, 75, 37, 30, 15, 73, 7, 39, 54, 11, 5, 23, 48, 35, 45, 71, 50, 9, 78, 60, 53, 38, 51, 80, 81, 55, 46, 42, 0, 32, 61, 56, 68, 40, 62, 82, 28, 22, 14, 59, 43, 4, 41, 29, 20, 58, 83, 8, 77, 3]
00:05:49   spearmon 4 by fold=1/10 51 sample=[25, 70, 17, 6, 76, 67, 52, 2, 63, 33, 31, 12, 34, 18, 44, 21, 69, 65, 74, 36, 1, 10, 16, 72, 66, 47, 79, 27, 19, 26, 57, 64, 13, 21, 82, 20, 13, 70, 34, 59, 32, 39, 71, 25, 40, 14, 50, 19, 74, 64, 29]
00:05:55   spearmon 0 by fold=1/10 51 sample=[68, 69, 16, 46, 21, 23, 5, 45, 18, 0, 44, 70, 34, 24, 49, 36, 62, 59, 61, 40, 20, 51, 61, 26, 19, 45, 24, 17, 8, 0, 3, 63, 56, 70, 44, 68, 67, 65, 66, 35, 13, 32, 36, 11, 60, 9, 37, 69, 57, 20, 25]
00:07:34   spearmon 2 by fold=1/10 51 sample=[40, 49, 12, 14, 13, 32, 38, 23, 17, 16, 28, 52, 11, 39, 22, 40, 8, 7, 25, 10, 36, 32, 49, 55, 12, 30, 54, 19, 56, 43, 31, 9, 3, 48, 37, 47, 4, 44, 42, 14, 29, 26, 21, 50, 13, 53, 6, 20, 27, 51, 33]
00:08:16   spearmon 3 by fold=1/10 51 sample=[43, 68, 103, 94, 80, 10, 27, 17, 32, 47, 85, 79, 53, 121, 36, 60, 93, 72, 5, 50, 71, 76, 3, 22, 96, 90, 88, 33, 25, 123, 110, 107, 20, 11, 49, 97, 12, 26, 46, 84, 83, 15, 31, 120, 77, 112, 108, 116, 51, 115, 65]
00:09:34   spearmon 1 by fold=1/10 51 sample=[254, 75, 218, 224, 68, 181, 190, 208, 205, 153, 160, 107, 176, 179, 244, 11, 93, 204, 60, 51, 16, 18, 106, 265, 188, 73, 184, 130, 89, 236, 42, 59, 201, 134, 8, 126, 267, 146, 46, 213, 200, 260, 162, 112, 43, 223, 12, 123, 108, 69, 139]
00:16:39   spearmon 4 by fold=2/10 51 sample=[76, 36, 47, 83, 11, 67, 62, 75, 44, 66, 72, 37, 33, 65, 58, 22, 30, 1, 10, 4, 38, 78, 57, 7, 6, 60, 68, 17, 73, 24, 31, 18, 79, 48, 77, 0, 12, 43, 80, 52, 46, 26, 15, 81, 9, 5, 53, 3, 27, 42, 55]
00:19:20   spearmon 0 by fold=2/10 51 sample=[53, 33, 23, 28, 7, 42, 16, 47, 48, 64, 34, 10, 71, 40, 29, 6, 59, 5, 14, 4, 55, 27, 31, 15, 41, 52, 2, 43, 18, 50, 49, 46, 30, 54, 12, 39, 58, 62, 22, 21, 1, 38, 12, 55, 27, 54, 38, 33, 8, 39, 14]
00:24:20   spearmon 3 by fold=2/10 51 sample=[62, 111, 19, 69, 54, 61, 48, 75, 89, 70, 63, 91, 78, 106, 4, 87, 59, 74, 82, 92, 58, 30, 12, 32, 108, 65, 31, 107, 19, 71, 27, 43, 122, 76, 36, 82, 92, 10, 16, 97, 17, 41, 86, 98, 118, 45, 102, 28, 62, 111, 22]
00:24:30   spearmon 2 by fold=2/10 51 sample=[24, 46, 15, 34, 2, 18, 5, 0, 45, 41, 35, 1, 56, 18, 4, 12, 40, 34, 22, 51, 49, 5, 43, 47, 35, 24, 36, 1, 29, 55, 13, 30, 7, 50, 52, 41, 33, 53, 2, 8, 32, 23, 42, 46, 9, 15, 38, 21, 6, 26, 37]
00:24:36   spearmon 1 by fold=2/10 51 sample=[33, 131, 168, 266, 113, 185, 158, 132, 9, 253, 198, 248, 245, 50, 83, 240, 105, 209, 26, 34, 175, 20, 171, 140, 99, 197, 116, 154, 222, 0, 183, 47, 174, 257, 136, 165, 169, 187, 22, 1, 58, 251, 256, 150, 95, 261, 231, 117, 194, 78, 71]
00:29:06   spearmon 4 by fold=3/10 51 sample=[35, 16, 54, 2, 49, 69, 63, 56, 41, 45, 23, 8, 28, 61, 51, 5, 14, 31, 39, 26, 28, 22, 40, 77, 73, 37, 49, 33, 58, 35, 27, 72, 9, 60, 7, 53, 78, 3, 34, 21, 76, 18, 16, 74, 17, 62, 46, 6, 64, 10, 80]
00:29:38   spearmon 0 by fold=3/10 51 sample=[35, 30, 24, 6, 51, 63, 1, 50, 13, 59, 42, 26, 10, 36, 40, 21, 65, 18, 64, 49, 4, 66, 16, 45, 2, 32, 17, 67, 5, 53, 29, 60, 11, 19, 0, 47, 62, 34, 69, 70, 52, 15, 9, 48, 68, 46, 31, 71, 43, 25, 7]
00:31:44   spearmon 3 by fold=3/10 51 sample=[0, 90, 101, 121, 94, 56, 44, 72, 109, 66, 69, 63, 68, 14, 51, 123, 79, 113, 11, 93, 15, 54, 2, 115, 110, 103, 61, 100, 116, 77, 58, 120, 95, 59, 60, 48, 57, 114, 117, 29, 7, 81, 39, 47, 64, 42, 4, 40, 50, 87, 35]
00:32:32   spearmon 1 by fold=3/10 51 sample=[206, 191, 170, 30, 72, 151, 82, 94, 92, 96, 35, 129, 6, 255, 119, 19, 54, 109, 98, 37, 120, 143, 28, 77, 101, 229, 87, 247, 264, 225, 182, 242, 138, 250, 144, 111, 166, 226, 137, 70, 25, 84, 7, 212, 186, 81, 32, 180, 52, 102, 125]
00:32:43   spearmon 2 by fold=3/10 51 sample=[14, 20, 3, 28, 10, 39, 17, 11, 27, 48, 45, 0, 25, 19, 16, 54, 44, 31, 15, 0, 32, 30, 26, 41, 45, 2, 1, 47, 48, 4, 9, 18, 25, 17, 22, 28, 38, 24, 37, 49, 33, 13, 56, 46, 21, 29, 12, 42, 53, 44, 3]
00:37:03   spearmon 4 by fold=4/10 51 sample=[44, 13, 82, 41, 79, 63, 81, 54, 56, 12, 43, 71, 19, 45, 8, 11, 51, 83, 20, 50, 59, 61, 38, 24, 67, 0, 52, 65, 29, 55, 32, 47, 4, 30, 25, 66, 15, 48, 1, 69, 70, 75, 68, 42, 36, 23, 57, 2, 47, 66, 49]
00:37:11   spearmon 0 by fold=4/10 51 sample=[3, 44, 61, 22, 28, 57, 20, 56, 58, 23, 41, 37, 36, 24, 40, 49, 31, 7, 21, 11, 6, 0, 68, 67, 47, 56, 42, 54, 71, 19, 38, 3, 58, 9, 55, 26, 43, 66, 33, 14, 61, 18, 32, 48, 23, 25, 57, 35, 12, 27, 5]
00:40:29   spearmon 3 by fold=4/10 51 sample=[5, 73, 78, 119, 104, 18, 21, 52, 67, 26, 99, 6, 83, 91, 8, 30, 25, 46, 33, 34, 84, 1, 55, 37, 70, 9, 74, 96, 13, 38, 112, 24, 80, 75, 3, 53, 105, 85, 49, 23, 89, 20, 106, 88, 115, 2, 27, 5, 37, 52, 32]
00:40:48   spearmon 1 by fold=4/10 51 sample=[219, 262, 90, 230, 64, 57, 164, 13, 121, 149, 246, 249, 148, 167, 15, 199, 237, 24, 65, 110, 104, 238, 135, 45, 233, 118, 210, 141, 173, 202, 203, 159, 124, 221, 239, 14, 29, 39, 196, 23, 80, 62, 115, 67, 88, 216, 4, 21, 234, 36, 217]
00:41:30   spearmon 2 by fold=4/10 51 sample=[43, 50, 10, 36, 27, 14, 23, 54, 20, 19, 34, 40, 16, 39, 8, 5, 7, 35, 31, 55, 51, 6, 11, 52, 14, 2, 3, 48, 1, 46, 47, 31, 7, 43, 0, 26, 33, 55, 54, 13, 50, 23, 40, 53, 4, 52, 42, 41, 17, 30, 38]
00:44:29   spearmon 4 by fold=5/10 51 sample=[41, 33, 13, 80, 10, 67, 43, 14, 29, 70, 31, 40, 11, 42, 30, 52, 15, 18, 22, 9, 12, 51, 73, 78, 21, 2, 46, 45, 1, 4, 36, 32, 77, 20, 75, 61, 26, 34, 0, 6, 57, 68, 28, 58, 48, 37, 8, 17, 64, 54, 62]
00:45:23   spearmon 0 by fold=5/10 51 sample=[4, 45, 22, 20, 34, 28, 69, 44, 65, 37, 64, 29, 13, 30, 2, 62, 63, 17, 15, 70, 1, 59, 52, 41, 60, 53, 50, 16, 10, 8, 46, 51, 39, 43, 39, 46, 51, 1, 70, 62, 50, 58, 11, 29, 38, 61, 60, 52, 23, 20, 7]
00:47:16   spearmon 3 by fold=5/10 51 sample=[39, 26, 71, 23, 30, 103, 92, 45, 34, 50, 107, 54, 57, 40, 98, 12, 102, 99, 25, 120, 33, 82, 41, 91, 28, 62, 72, 53, 111, 29, 117, 88, 89, 106, 16, 65, 21, 46, 10, 6, 14, 56, 64, 87, 44, 123, 95, 83, 122, 77, 43]
00:47:56   spearmon 1 by fold=5/10 51 sample=[44, 161, 128, 79, 189, 227, 40, 192, 155, 10, 55, 38, 63, 182, 64, 41, 194, 16, 255, 112, 145, 121, 196, 136, 260, 31, 150, 190, 95, 246, 61, 203, 161, 181, 251, 241, 97, 22, 7, 253, 252, 29, 62, 114, 164, 186, 102, 52, 149, 151, 184]
00:50:04   spearmon 2 by fold=5/10 51 sample=[5, 20, 9, 10, 16, 11, 8, 49, 22, 45, 29, 44, 28, 18, 34, 24, 15, 36, 27, 37, 12, 6, 35, 56, 21, 51, 19, 25, 39, 32, 8, 0, 30, 35, 13, 16, 36, 7, 17, 53, 19, 44, 32, 38, 43, 4, 55, 9, 5, 3, 18]
00:51:20   spearmon 4 by fold=6/10 51 sample=[74, 71, 7, 19, 5, 38, 79, 24, 59, 56, 65, 63, 82, 53, 69, 72, 35, 25, 23, 55, 27, 39, 50, 76, 81, 44, 60, 83, 16, 3, 27, 65, 53, 45, 66, 18, 79, 55, 76, 2, 32, 36, 11, 74, 83, 70, 5, 6, 38, 3, 80]
00:52:14   spearmon 0 by fold=6/10 51 sample=[59, 16, 4, 65, 68, 19, 69, 0, 54, 45, 44, 26, 31, 10, 28, 37, 8, 57, 32, 56, 22, 49, 14, 71, 6, 17, 21, 48, 63, 27, 41, 66, 67, 47, 3, 40, 13, 34, 33, 12, 25, 15, 35, 53, 2, 5, 18, 30, 55, 9, 36]
00:54:45   spearmon 3 by fold=6/10 51 sample=[113, 101, 119, 110, 96, 48, 19, 51, 31, 36, 24, 61, 8, 109, 78, 59, 75, 114, 90, 81, 4, 13, 74, 105, 38, 69, 0, 15, 84, 116, 94, 17, 63, 112, 49, 80, 118, 100, 67, 58, 1, 86, 73, 55, 76, 85, 108, 18, 9, 66, 11]
00:54:52   spearmon 1 by fold=6/10 51 sample=[73, 233, 5, 185, 179, 220, 122, 12, 59, 9, 108, 80, 107, 23, 39, 17, 199, 66, 25, 210, 56, 234, 195, 50, 143, 180, 138, 209, 177, 43, 74, 259, 63, 227, 256, 223, 34, 76, 36, 242, 98, 212, 119, 72, 101, 58, 128, 238, 198, 191, 135]
00:56:16   spearmon 2 by fold=6/10 51 sample=[11, 52, 2, 15, 21, 51, 29, 37, 49, 24, 50, 28, 27, 1, 26, 33, 14, 39, 40, 23, 6, 25, 54, 20, 12, 56, 45, 42, 22, 34, 46, 48, 10, 47, 31, 41, 18, 47, 22, 5, 55, 48, 43, 39, 6, 40, 33, 50, 37, 16, 52]
00:59:10   spearmon 4 by fold=7/10 51 sample=[64, 21, 60, 71, 40, 48, 63, 59, 9, 69, 41, 0, 43, 7, 15, 52, 50, 72, 33, 17, 67, 68, 26, 42, 82, 1, 16, 47, 14, 44, 13, 81, 34, 31, 61, 58, 4, 23, 19, 57, 73, 35, 78, 75, 12, 37, 20, 24, 56, 8, 10]
00:59:22   spearmon 0 by fold=7/10 51 sample=[24, 64, 42, 25, 54, 14, 66, 15, 10, 52, 1, 56, 60, 35, 33, 53, 71, 38, 44, 47, 62, 67, 43, 13, 5, 11, 3, 26, 31, 2, 50, 57, 59, 69, 6, 51, 68, 45, 37, 41, 7, 64, 65, 55, 40, 61, 0, 16, 19, 42, 29]
01:00:37   spearmon 3 by fold=7/10 51 sample=[3, 60, 22, 68, 20, 121, 35, 79, 7, 70, 47, 104, 93, 42, 97, 15, 118, 69, 109, 67, 80, 68, 12, 75, 115, 11, 106, 116, 38, 79, 59, 88, 101, 5, 90, 82, 64, 14, 99, 110, 85, 56, 25, 63, 42, 87, 16, 84, 120, 4, 112]
01:01:37   spearmon 1 by fold=7/10 51 sample=[147, 257, 236, 174, 92, 176, 32, 54, 204, 216, 132, 118, 131, 47, 166, 205, 229, 254, 44, 42, 106, 86, 127, 49, 55, 153, 173, 120, 221, 157, 24, 40, 163, 18, 243, 168, 19, 155, 264, 116, 27, 115, 126, 232, 85, 247, 224, 133, 160, 28, 91]
01:03:22   spearmon 2 by fold=7/10 51 sample=[34, 56, 10, 1, 49, 46, 7, 44, 25, 24, 36, 21, 53, 23, 51, 28, 26, 9, 30, 31, 13, 2, 4, 27, 15, 17, 29, 20, 12, 54, 45, 32, 3, 38, 11, 0, 14, 41, 35, 42, 8, 19, 46, 2, 15, 30, 42, 34, 20, 55, 37]
01:05:14   spearmon 0 by fold=8/10 51 sample=[48, 9, 46, 49, 39, 24, 20, 23, 27, 22, 70, 34, 4, 18, 28, 30, 36, 58, 21, 63, 8, 32, 17, 12, 16, 39, 34, 7, 11, 67, 32, 61, 55, 64, 69, 2, 18, 46, 51, 54, 3, 28, 6, 24, 43, 35, 66, 25, 62, 47, 26]
01:05:15   spearmon 4 by fold=8/10 51 sample=[62, 51, 30, 77, 25, 54, 39, 46, 22, 29, 28, 49, 62, 82, 11, 77, 64, 24, 27, 40, 58, 67, 36, 81, 56, 65, 61, 38, 5, 44, 35, 3, 2, 25, 13, 73, 83, 0, 33, 9, 12, 29, 10, 46, 80, 63, 71, 53, 43, 7, 79]
01:07:49   spearmon 3 by fold=8/10 51 sample=[81, 35, 93, 121, 50, 53, 73, 3, 29, 123, 60, 57, 65, 66, 27, 105, 70, 8, 108, 61, 92, 23, 122, 96, 83, 97, 47, 28, 78, 52, 24, 86, 62, 30, 104, 2, 117, 33, 37, 91, 40, 48, 77, 7, 45, 9, 13, 26, 34, 74, 19]
01:08:33   spearmon 1 by fold=8/10 51 sample=[218, 90, 4, 214, 215, 134, 171, 45, 226, 2, 30, 82, 94, 84, 100, 113, 89, 103, 245, 152, 250, 144, 10, 130, 65, 125, 81, 239, 262, 193, 211, 21, 267, 60, 178, 38, 200, 222, 162, 146, 217, 88, 213, 68, 237, 240, 69, 67, 3, 192, 8]
01:09:15   spearmon 2 by fold=8/10 51 sample=[33, 18, 45, 43, 9, 23, 35, 10, 11, 40, 56, 3, 17, 50, 24, 4, 54, 25, 6, 27, 19, 8, 1, 44, 22, 49, 5, 39, 31, 53, 0, 28, 13, 32, 48, 26, 47, 51, 14, 21, 38, 16, 36, 29, 12, 52, 7, 41, 41, 40, 26]
01:11:56   spearmon 0 by fold=9/10 51 sample=[48, 49, 45, 15, 14, 0, 65, 1, 52, 44, 57, 19, 71, 30, 12, 53, 63, 40, 60, 37, 36, 56, 41, 8, 29, 17, 27, 59, 23, 38, 50, 58, 22, 4, 13, 9, 5, 70, 10, 42, 21, 33, 68, 31, 20, 29, 30, 71, 63, 21, 43]
01:12:24   spearmon 4 by fold=9/10 51 sample=[1, 42, 31, 6, 48, 60, 78, 8, 52, 34, 75, 19, 69, 26, 18, 17, 59, 37, 47, 57, 49, 41, 14, 51, 30, 28, 4, 20, 76, 66, 23, 54, 16, 72, 32, 21, 68, 22, 45, 70, 55, 50, 74, 39, 15, 37, 18, 15, 31, 33, 26]
01:13:16   spearmon 3 by fold=9/10 51 sample=[20, 95, 6, 100, 58, 98, 21, 31, 54, 76, 44, 49, 32, 18, 114, 22, 41, 39, 103, 107, 1, 71, 102, 36, 43, 51, 89, 94, 55, 0, 10, 17, 119, 72, 113, 111, 46, 105, 62, 74, 79, 108, 19, 111, 95, 47, 82, 91, 110, 23, 9]
01:15:39   spearmon 1 by fold=9/10 51 sample=[1, 187, 11, 201, 158, 219, 37, 83, 265, 207, 140, 170, 183, 0, 123, 35, 266, 15, 172, 48, 148, 33, 159, 70, 79, 137, 231, 175, 248, 141, 197, 206, 111, 208, 53, 109, 13, 142, 244, 263, 20, 57, 167, 129, 228, 93, 165, 78, 258, 46, 139]
01:15:45   spearmon 2 by fold=9/10 51 sample=[6, 20, 16, 34, 44, 5, 48, 29, 10, 35, 22, 1, 12, 24, 2, 49, 0, 32, 3, 54, 33, 9, 37, 43, 23, 4, 25, 36, 42, 28, 47, 14, 18, 27, 50, 56, 19, 52, 11, 31, 51, 7, 13, 39, 30, 53, 46, 17, 45, 38, 8]
01:16:15   spearmon 0 finish
01:16:21   spearmon 4 finish
01:16:32   output file ../cache/result_1to23/KIRC/KIRC_0_cor_fold.pkl
01:16:38   output file ../cache/result_1to23/KIRC/KIRC_4_cor_fold.pkl
01:16:42   output file ../cache/result_1to23/KIRC/KIRC_0_p_fold.pkl
01:16:47   output file ../cache/result_1to23/KIRC/KIRC_4_p_fold.pkl
01:16:52   delete spearmon 0 by p>0.010000
01:16:55   calculate spearmon 0 finish
01:16:56   delete spearmon 4 by p>0.010000
01:16:59   calculate spearmon 4 finish
01:17:13   spearmon 3 finish
01:17:30   output file ../cache/result_1to23/KIRC/KIRC_3_cor_fold.pkl
01:17:38   output file ../cache/result_1to23/KIRC/KIRC_3_p_fold.pkl
01:17:39   spearmon 1 finish
01:17:46   spearmon 2 finish
01:17:47   delete spearmon 3 by p>0.010000
01:17:50   calculate spearmon 3 finish
01:17:56   output file ../cache/result_1to23/KIRC/KIRC_1_cor_fold.pkl
01:18:03   output file ../cache/result_1to23/KIRC/KIRC_2_cor_fold.pkl
01:18:06   output file ../cache/result_1to23/KIRC/KIRC_1_p_fold.pkl
01:18:12   output file ../cache/result_1to23/KIRC/KIRC_2_p_fold.pkl
01:18:15   delete spearmon 1 by p>0.010000
01:18:18   calculate spearmon 1 finish
01:18:21   delete spearmon 2 by p>0.010000
01:18:25   calculate spearmon 2 finish
01:18:37 3 delete pvalue larger than 0.01
01:18:52   output file ../cache/result_1to23/KIRC/0_cor_new.csv
01:23:30   output file ../cache/result_1to23/KIRC/1_cor_new.csv
01:27:11   output file ../cache/result_1to23/KIRC/2_cor_new.csv
01:31:18   output file ../cache/result_1to23/KIRC/3_cor_new.csv
01:35:24   output file ../cache/result_1to23/KIRC/4_cor_new.csv
01:39:19  remain shape (14836, 14836)
01:39:19 cal wilcox
           trend  up_down_0     p_value_0  ...  p_value_2  up_down_3  p_value_3
?4          -1.0       -1.0  2.345051e-02  ...   1.000000        0.0   1.000000
?5           0.0        1.0  9.764036e-15  ...   1.000000        0.0   1.000000
?7          -1.0       -1.0  2.599669e-08  ...   1.000000        0.0   1.000000
?19          1.0        0.0  1.000000e+00  ...   1.000000        1.0   0.017399
?20          0.0        0.0  1.000000e+00  ...   1.000000        0.0   1.000000
...          ...        ...           ...  ...        ...        ...        ...
ZYG11B       2.0        1.0  8.642810e-12  ...   1.000000        0.0   1.000000
ZYX         -2.0       -1.0  3.383947e-15  ...   0.009933        0.0   1.000000
ZZEF1        0.0        0.0  1.000000e+00  ...   1.000000        0.0   1.000000
ZZZ3         1.0        1.0  1.394916e-12  ...   1.000000        0.0   1.000000
psiTPTE22    3.0        1.0  6.320698e-26  ...   1.000000        1.0   0.010243

[14836 rows x 9 columns]
01:41:22 over.
R[write to console]: Warning message:

R[write to console]: In (function (package, help, pos = 2, lib.loc = NULL, character.only = FALSE,  :
R[write to console]: 
 
R[write to console]:  libraries ‘/usr/local/lib/R/site-library’, ‘/usr/lib/R/site-library’ contain no packages

