nohup: ignoring input
00:00:04 start time: 2020-10-09 10:05:16.052267
     Cut value | 10                                       
      Fold num | 10                                       
Remain p value | 0.01000                                  
     Data name | THCA                                     
          Seed | 6                                        
   Max process | 5                                        
    Index path | ../dataset/gene_symbol_list_exceptSLC35E2
      Data dir | ../dataset/THCA/                         
    Result dir | ../cache/result_1to23/THCA/              

00:00:04 1.0 read data
00:00:04  ../dataset/THCA/1ndata.txt (20529, 59)
00:00:05  ../dataset/THCA/2S1tdata.txt (20529, 284)
00:00:05  ../dataset/THCA/3S2tdata.txt (20529, 52)
00:00:05  ../dataset/THCA/4S3tdata.txt (20529, 112)
00:00:06  ../dataset/THCA/5S4tdata.txt (20529, 55)
00:00:06 1.1 initData min by 10
00:00:06   remain features count: 14574
00:00:06 1.2 change data to log
00:00:06 2 calculate the similarity matrix
00:00:06   calculate spearmon 0,  (14574, 59)
00:00:06   spearmon 0 by fold=0/10 46 sample=[40, 55, 48, 52, 9, 44, 15, 35, 0, 38, 33, 10, 13, 47, 5, 39, 37, 1, 6, 45, 53, 19, 16, 3, 25, 31, 57, 42, 26, 12, 14, 17, 29, 43, 7, 58, 54, 20, 46, 4, 28, 34, 36, 56, 2, 50]
00:00:06   calculate spearmon 2,  (14574, 52)
00:00:06   spearmon 2 by fold=0/10 46 sample=[31, 8, 22, 9, 41, 23, 18, 26, 30, 13, 3, 17, 32, 2, 40, 42, 48, 43, 36, 50, 46, 5, 1, 14, 49, 29, 6, 12, 16, 10, 0, 35, 34, 47, 44, 24, 20, 28, 39, 51, 21, 27, 45, 7, 19, 11]
00:00:06   calculate spearmon 1,  (14574, 284)
00:00:06   spearmon 1 by fold=0/10 46 sample=[190, 179, 110, 225, 74, 250, 241, 54, 50, 22, 163, 135, 78, 193, 188, 244, 196, 269, 52, 76, 73, 14, 208, 155, 152, 265, 130, 198, 266, 149, 87, 44, 93, 143, 1, 71, 140, 82, 279, 191, 280, 181, 239, 68, 276, 185]
00:00:06   calculate spearmon 3,  (14574, 112)
00:00:06   spearmon 3 by fold=0/10 46 sample=[69, 6, 91, 87, 5, 63, 1, 42, 106, 59, 73, 9, 2, 25, 14, 74, 94, 22, 36, 20, 86, 83, 109, 62, 11, 90, 64, 40, 52, 8, 38, 19, 0, 60, 58, 95, 15, 41, 7, 37, 46, 21, 17, 72, 10, 48]
00:00:06   calculate spearmon 4,  (14574, 55)
00:00:06   spearmon 4 by fold=0/10 46 sample=[4, 21, 41, 10, 0, 47, 1, 16, 53, 32, 25, 14, 26, 13, 44, 45, 51, 15, 48, 40, 42, 11, 8, 35, 33, 36, 37, 24, 20, 23, 27, 28, 54, 38, 31, 34, 22, 17, 18, 5, 39, 9, 43, 30, 29, 6]
00:05:38   spearmon 0 by fold=1/10 46 sample=[22, 30, 51, 21, 18, 8, 32, 27, 11, 41, 24, 49, 23, 39, 1, 55, 54, 0, 58, 28, 46, 15, 57, 51, 36, 10, 31, 50, 7, 12, 40, 42, 53, 34, 47, 43, 14, 16, 6, 4, 45, 27, 5, 23, 52, 26]
00:06:45   spearmon 4 by fold=1/10 46 sample=[7, 2, 49, 46, 12, 3, 19, 52, 50, 23, 29, 30, 45, 27, 3, 9, 22, 7, 0, 24, 16, 19, 35, 33, 11, 21, 26, 13, 18, 34, 2, 49, 6, 37, 40, 25, 43, 15, 54, 44, 42, 46, 1, 48, 36, 20]
00:07:32   spearmon 3 by fold=1/10 46 sample=[108, 68, 71, 103, 16, 111, 78, 18, 32, 45, 77, 30, 49, 29, 76, 34, 12, 66, 26, 3, 80, 55, 79, 92, 27, 56, 107, 89, 82, 93, 65, 31, 24, 51, 100, 39, 67, 102, 50, 110, 43, 101, 104, 47, 81, 28]
00:08:46   spearmon 1 by fold=1/10 46 sample=[234, 85, 272, 249, 256, 70, 120, 104, 183, 37, 182, 43, 88, 11, 45, 81, 271, 38, 99, 8, 114, 230, 177, 174, 129, 165, 24, 199, 204, 25, 178, 107, 243, 109, 138, 67, 161, 124, 144, 2, 215, 197, 134, 194, 63, 159]
00:09:14   spearmon 2 by fold=1/10 46 sample=[37, 33, 15, 38, 25, 4, 29, 23, 45, 7, 42, 39, 40, 43, 38, 48, 27, 20, 2, 17, 49, 16, 25, 0, 10, 50, 44, 31, 11, 9, 30, 32, 1, 41, 3, 24, 28, 21, 37, 8, 5, 46, 22, 51, 36, 34]
00:15:08   spearmon 0 by fold=2/10 46 sample=[17, 13, 33, 18, 8, 41, 56, 48, 32, 30, 21, 3, 49, 11, 37, 25, 38, 19, 22, 29, 24, 20, 35, 9, 44, 2, 35, 1, 16, 39, 12, 20, 27, 15, 18, 31, 9, 19, 22, 6, 32, 8, 11, 23, 4, 3]
00:21:31   spearmon 4 by fold=2/10 46 sample=[10, 47, 28, 4, 14, 41, 50, 32, 12, 8, 53, 39, 51, 38, 52, 31, 5, 17, 9, 29, 40, 6, 47, 23, 7, 31, 43, 3, 19, 49, 34, 33, 50, 25, 26, 5, 54, 18, 8, 13, 15, 39, 22, 48, 10, 4]
00:23:29   spearmon 3 by fold=2/10 46 sample=[57, 44, 54, 53, 4, 98, 99, 96, 35, 23, 70, 85, 61, 105, 13, 97, 84, 75, 88, 33, 31, 9, 51, 24, 90, 58, 74, 108, 6, 109, 93, 30, 103, 62, 33, 92, 76, 86, 80, 29, 94, 57, 101, 25, 7, 83]
00:24:23   spearmon 1 by fold=2/10 46 sample=[122, 162, 77, 267, 258, 0, 236, 216, 232, 141, 175, 101, 42, 84, 26, 206, 35, 19, 30, 83, 221, 139, 156, 131, 128, 195, 228, 170, 96, 34, 125, 261, 160, 41, 147, 212, 18, 117, 142, 227, 222, 157, 80, 263, 47, 176]
00:24:30   spearmon 2 by fold=2/10 46 sample=[26, 12, 14, 47, 15, 18, 13, 4, 35, 6, 33, 19, 24, 14, 27, 39, 35, 29, 37, 21, 5, 3, 32, 22, 46, 31, 1, 2, 51, 50, 48, 11, 17, 49, 6, 41, 0, 45, 19, 9, 30, 47, 36, 26, 33, 43]
00:27:42   spearmon 0 by fold=3/10 46 sample=[48, 41, 30, 7, 21, 2, 43, 5, 13, 33, 24, 51, 38, 26, 40, 49, 58, 52, 29, 14, 25, 57, 47, 17, 46, 37, 10, 56, 34, 50, 44, 36, 54, 28, 55, 45, 0, 42, 53, 14, 1, 31, 41, 42, 4, 22]
00:29:21   spearmon 4 by fold=3/10 46 sample=[14, 21, 17, 44, 41, 2, 24, 30, 0, 20, 11, 16, 1, 12, 36, 52, 32, 28, 35, 37, 53, 42, 38, 27, 45, 46, 51, 53, 13, 15, 26, 7, 24, 30, 2, 41, 14, 45, 8, 38, 46, 10, 29, 16, 48, 1]
00:30:20   spearmon 3 by fold=3/10 46 sample=[37, 84, 106, 60, 100, 68, 85, 95, 46, 36, 87, 88, 20, 79, 2, 5, 72, 53, 111, 75, 82, 41, 71, 44, 52, 66, 48, 8, 28, 97, 0, 54, 16, 81, 1, 89, 42, 21, 19, 96, 34, 3, 91, 102, 43, 45]
00:31:34   spearmon 1 by fold=3/10 46 sample=[247, 275, 64, 187, 100, 186, 132, 118, 103, 108, 220, 75, 62, 58, 136, 245, 235, 277, 53, 97, 106, 55, 20, 207, 13, 246, 59, 223, 252, 5, 255, 146, 151, 251, 105, 254, 29, 116, 56, 148, 12, 46, 153, 133, 224, 111]
00:32:31   spearmon 2 by fold=3/10 46 sample=[34, 44, 15, 13, 28, 12, 16, 23, 10, 4, 18, 25, 8, 42, 38, 40, 20, 7, 28, 1, 30, 44, 7, 3, 8, 14, 49, 4, 9, 37, 2, 21, 47, 18, 32, 0, 50, 11, 29, 5, 22, 45, 24, 20, 6, 23]
00:35:56   spearmon 0 by fold=4/10 46 sample=[20, 25, 19, 54, 21, 55, 33, 16, 44, 50, 23, 48, 34, 10, 11, 0, 15, 30, 46, 24, 2, 28, 47, 7, 53, 56, 9, 38, 45, 26, 43, 49, 13, 39, 35, 37, 40, 27, 6, 18, 5, 12, 8, 3, 36, 57]
00:35:58   spearmon 4 by fold=4/10 46 sample=[27, 4, 47, 35, 37, 50, 9, 33, 25, 43, 39, 51, 19, 12, 54, 44, 36, 11, 3, 52, 34, 23, 40, 6, 17, 42, 31, 5, 28, 18, 20, 21, 0, 49, 32, 22, 23, 47, 6, 48, 7, 20, 46, 41, 17, 53]
00:38:02   spearmon 3 by fold=4/10 46 sample=[15, 50, 23, 67, 18, 73, 110, 55, 47, 64, 77, 107, 49, 14, 32, 98, 56, 22, 65, 63, 78, 70, 69, 59, 99, 35, 12, 104, 4, 26, 105, 10, 17, 39, 38, 13, 11, 27, 40, 61, 92, 55, 14, 36, 57, 11]
00:39:32   spearmon 1 by fold=4/10 46 sample=[242, 218, 57, 95, 28, 203, 66, 48, 273, 121, 3, 259, 253, 137, 237, 23, 150, 65, 49, 32, 262, 219, 166, 184, 86, 40, 169, 6, 33, 123, 60, 69, 31, 158, 192, 113, 92, 126, 205, 202, 4, 281, 36, 248, 173, 61]
00:40:26   spearmon 2 by fold=4/10 46 sample=[33, 34, 36, 48, 15, 13, 26, 25, 51, 42, 19, 43, 17, 39, 41, 10, 16, 40, 35, 31, 12, 38, 46, 27, 25, 17, 45, 7, 10, 39, 24, 32, 28, 40, 38, 49, 13, 3, 19, 23, 12, 9, 16, 0, 5, 8]
00:43:36   spearmon 0 by fold=5/10 46 sample=[58, 32, 29, 52, 17, 51, 13, 18, 46, 31, 57, 6, 49, 27, 35, 10, 12, 22, 55, 48, 8, 14, 4, 19, 9, 23, 40, 58, 47, 16, 24, 5, 26, 54, 39, 2, 20, 17, 45, 50, 28, 34, 36, 21, 11, 32]
00:44:23   spearmon 4 by fold=5/10 46 sample=[15, 27, 33, 16, 9, 44, 22, 1, 37, 14, 4, 26, 54, 30, 51, 24, 38, 35, 52, 5, 0, 43, 31, 8, 49, 19, 10, 21, 39, 32, 50, 11, 18, 29, 42, 25, 40, 3, 12, 45, 34, 2, 36, 28, 13, 22]
00:44:37   spearmon 3 by fold=5/10 46 sample=[74, 89, 75, 3, 25, 43, 34, 10, 62, 102, 77, 33, 106, 52, 68, 93, 90, 41, 73, 42, 18, 60, 45, 70, 17, 15, 58, 76, 40, 101, 21, 51, 71, 29, 23, 31, 24, 47, 86, 98, 35, 50, 46, 99, 78, 54]
00:45:36   spearmon 1 by fold=5/10 46 sample=[238, 21, 27, 189, 9, 7, 200, 145, 217, 270, 154, 240, 39, 231, 16, 171, 10, 51, 94, 91, 268, 180, 260, 164, 229, 257, 90, 210, 15, 278, 282, 167, 89, 112, 274, 264, 119, 17, 115, 213, 98, 226, 209, 79, 283, 211]
00:46:12   spearmon 2 by fold=5/10 46 sample=[27, 34, 42, 15, 35, 37, 46, 51, 44, 33, 41, 14, 4, 20, 43, 48, 21, 1, 29, 31, 47, 18, 6, 50, 2, 11, 22, 36, 26, 30, 24, 35, 15, 44, 28, 13, 0, 8, 51, 3, 27, 46, 49, 10, 20, 21]
00:50:23   spearmon 0 by fold=6/10 46 sample=[1, 38, 3, 56, 43, 51, 0, 37, 33, 29, 42, 15, 44, 41, 52, 25, 7, 53, 30, 12, 17, 16, 9, 53, 51, 46, 44, 43, 20, 32, 28, 40, 39, 13, 11, 26, 57, 36, 48, 50, 45, 52, 34, 56, 35, 41]
00:50:29   spearmon 4 by fold=6/10 46 sample=[45, 36, 0, 35, 8, 31, 15, 50, 25, 10, 51, 27, 54, 38, 17, 34, 39, 24, 46, 44, 41, 32, 11, 13, 33, 12, 28, 21, 19, 30, 48, 1, 40, 26, 2, 29, 43, 53, 49, 52, 42, 4, 14, 47, 16, 5]
00:51:17   spearmon 3 by fold=6/10 46 sample=[49, 104, 100, 96, 38, 94, 19, 63, 30, 37, 28, 39, 67, 72, 6, 84, 64, 81, 5, 1, 48, 27, 65, 107, 105, 91, 66, 7, 32, 12, 69, 9, 83, 13, 80, 4, 82, 103, 108, 59, 44, 88, 110, 22, 85, 53]
00:52:15   spearmon 1 by fold=6/10 46 sample=[201, 214, 168, 233, 127, 72, 102, 172, 13, 46, 102, 160, 218, 249, 43, 189, 106, 1, 21, 139, 18, 243, 148, 161, 70, 89, 121, 230, 10, 260, 124, 213, 73, 220, 152, 107, 219, 134, 211, 37, 30, 253, 195, 204, 239, 229]
00:53:05   spearmon 2 by fold=6/10 46 sample=[16, 2, 19, 38, 12, 30, 48, 47, 34, 1, 29, 14, 42, 6, 36, 43, 22, 40, 41, 26, 32, 37, 25, 11, 23, 50, 5, 45, 18, 31, 39, 33, 9, 4, 7, 17, 28, 51, 23, 32, 9, 14, 19, 1, 35, 27]
00:56:57   spearmon 0 by fold=7/10 46 sample=[37, 5, 18, 25, 0, 27, 15, 38, 8, 24, 30, 3, 22, 58, 47, 6, 49, 19, 23, 7, 21, 55, 4, 1, 33, 31, 2, 10, 29, 14, 42, 54, 51, 14, 7, 35, 4, 20, 0, 3, 5, 9, 21, 56, 44, 28]
00:57:02   spearmon 4 by fold=7/10 46 sample=[37, 6, 9, 20, 7, 23, 3, 18, 42, 29, 4, 36, 17, 7, 14, 0, 33, 47, 51, 49, 39, 10, 18, 26, 16, 25, 22, 1, 53, 19, 38, 31, 20, 41, 11, 8, 34, 23, 12, 43, 37, 30, 13, 48, 40, 9]
00:58:54   spearmon 3 by fold=7/10 46 sample=[2, 111, 0, 56, 16, 87, 26, 95, 20, 79, 97, 61, 109, 8, 25, 68, 8, 28, 95, 7, 9, 44, 70, 55, 75, 106, 59, 80, 52, 94, 17, 111, 41, 36, 43, 35, 29, 53, 27, 5, 40, 100, 81, 30, 87, 61]
00:59:07   spearmon 1 by fold=7/10 46 sample=[151, 146, 88, 215, 145, 240, 53, 166, 34, 255, 232, 98, 125, 58, 80, 132, 177, 210, 86, 192, 238, 178, 274, 40, 246, 116, 95, 76, 157, 28, 105, 222, 67, 25, 42, 94, 248, 184, 87, 68, 16, 64, 2, 128, 190, 276]
01:00:12   spearmon 2 by fold=7/10 46 sample=[11, 0, 34, 3, 47, 38, 48, 6, 42, 22, 8, 49, 24, 7, 26, 33, 10, 41, 20, 5, 39, 15, 45, 16, 25, 37, 40, 44, 4, 50, 30, 31, 29, 21, 46, 36, 13, 18, 43, 12, 17, 2, 45, 49, 28, 5]
01:03:30   spearmon 0 by fold=8/10 46 sample=[23, 52, 8, 32, 53, 25, 17, 40, 29, 10, 46, 16, 18, 57, 15, 34, 42, 43, 45, 31, 6, 13, 30, 38, 24, 54, 1, 58, 47, 11, 2, 27, 12, 39, 26, 49, 48, 37, 36, 55, 41, 19, 33, 50, 22, 49]
01:03:33   spearmon 4 by fold=8/10 46 sample=[6, 2, 50, 45, 28, 52, 15, 46, 44, 27, 32, 21, 54, 35, 24, 3, 5, 41, 8, 12, 45, 9, 16, 29, 27, 3, 53, 0, 24, 32, 17, 23, 42, 49, 20, 2, 48, 19, 52, 40, 4, 47, 37, 31, 26, 25]
01:04:45   spearmon 3 by fold=8/10 46 sample=[108, 104, 93, 22, 65, 15, 66, 74, 13, 82, 99, 102, 19, 64, 58, 47, 107, 23, 92, 97, 78, 38, 72, 32, 26, 50, 98, 96, 73, 18, 42, 14, 109, 31, 77, 21, 37, 56, 54, 69, 45, 49, 34, 12, 10, 88]
01:05:09   spearmon 1 by fold=8/10 46 sample=[41, 236, 61, 74, 47, 251, 55, 75, 59, 168, 208, 122, 200, 188, 181, 257, 38, 271, 114, 111, 268, 141, 93, 45, 71, 171, 225, 224, 217, 57, 85, 149, 99, 262, 32, 39, 117, 202, 31, 138, 247, 83, 209, 259, 186, 180]
01:07:43   spearmon 2 by fold=8/10 46 sample=[30, 38, 17, 3, 16, 6, 37, 27, 51, 7, 25, 12, 36, 13, 8, 10, 47, 1, 2, 39, 20, 32, 50, 40, 44, 34, 26, 43, 19, 11, 24, 23, 31, 48, 0, 21, 42, 33, 35, 18, 15, 46, 9, 4, 14, 29]
01:09:07   spearmon 0 by fold=9/10 46 sample=[24, 44, 15, 5, 53, 45, 54, 58, 36, 51, 55, 48, 29, 21, 41, 1, 26, 35, 20, 2, 52, 39, 4, 25, 31, 0, 7, 50, 22, 46, 27, 19, 42, 11, 34, 43, 14, 17, 6, 40, 28, 23, 9, 16, 12, 10]
01:09:10   spearmon 4 by fold=9/10 46 sample=[11, 50, 35, 46, 30, 7, 22, 5, 51, 33, 1, 38, 44, 34, 18, 14, 10, 6, 15, 28, 39, 13, 43, 36, 21, 54, 2, 8, 6, 41, 54, 32, 12, 48, 33, 19, 38, 10, 13, 39, 16, 47, 28, 22, 44, 14]
01:11:54   spearmon 3 by fold=9/10 46 sample=[83, 71, 2, 105, 63, 6, 79, 57, 60, 39, 11, 90, 3, 76, 86, 4, 51, 103, 67, 1, 0, 48, 46, 84, 20, 24, 16, 101, 89, 33, 91, 85, 62, 110, 65, 102, 101, 71, 23, 43, 74, 12, 105, 98, 88, 67]
01:11:56   spearmon 1 by fold=9/10 46 sample=[108, 84, 283, 179, 113, 100, 234, 23, 147, 112, 35, 66, 156, 153, 15, 130, 77, 33, 49, 51, 250, 27, 91, 205, 103, 52, 150, 92, 226, 123, 115, 231, 72, 48, 6, 278, 29, 96, 191, 54, 14, 197, 154, 79, 63, 264]
01:13:14   spearmon 2 by fold=9/10 46 sample=[22, 41, 24, 14, 15, 32, 0, 2, 43, 7, 12, 49, 1, 18, 22, 10, 27, 47, 48, 50, 36, 23, 19, 34, 39, 35, 41, 20, 37, 16, 29, 44, 21, 8, 9, 26, 5, 40, 25, 11, 51, 6, 45, 31, 17, 4]
01:15:29   spearmon 0 finish
01:15:34   spearmon 4 finish
01:15:45   output file ../cache/result_1to23/THCA/THCA_0_cor_fold.pkl
01:15:50   output file ../cache/result_1to23/THCA/THCA_4_cor_fold.pkl
01:15:54   output file ../cache/result_1to23/THCA/THCA_0_p_fold.pkl
01:16:00   output file ../cache/result_1to23/THCA/THCA_4_p_fold.pkl
01:16:03   delete spearmon 0 by p>0.010000
01:16:07   calculate spearmon 0 finish
01:16:09   delete spearmon 4 by p>0.010000
01:16:11   spearmon 1 finish
01:16:12   calculate spearmon 4 finish
01:16:16   spearmon 3 finish
01:16:26   output file ../cache/result_1to23/THCA/THCA_1_cor_fold.pkl
01:16:32   output file ../cache/result_1to23/THCA/THCA_3_cor_fold.pkl
01:16:34   output file ../cache/result_1to23/THCA/THCA_1_p_fold.pkl
01:16:42   output file ../cache/result_1to23/THCA/THCA_3_p_fold.pkl
01:16:44   spearmon 2 finish
01:16:44   delete spearmon 1 by p>0.010000
01:16:47   calculate spearmon 1 finish
01:16:51   delete spearmon 3 by p>0.010000
01:16:55   calculate spearmon 3 finish
01:17:01   output file ../cache/result_1to23/THCA/THCA_2_cor_fold.pkl
01:17:10   output file ../cache/result_1to23/THCA/THCA_2_p_fold.pkl
01:17:20   delete spearmon 2 by p>0.010000
01:17:23   calculate spearmon 2 finish
01:17:34 3 delete pvalue larger than 0.01
01:17:48   output file ../cache/result_1to23/THCA/0_cor_new.csv
01:22:03   output file ../cache/result_1to23/THCA/1_cor_new.csv
01:25:44   output file ../cache/result_1to23/THCA/2_cor_new.csv
01:29:41   output file ../cache/result_1to23/THCA/3_cor_new.csv
01:33:36   output file ../cache/result_1to23/THCA/4_cor_new.csv
01:37:14  remain shape (14574, 14574)
01:37:14 cal wilcox
           trend  up_down_0     p_value_0  ...  p_value_2  up_down_3  p_value_3
?4          -1.0       -1.0  1.038350e-02  ...   0.031405        0.0        1.0
?5          -1.0       -1.0  6.038156e-04  ...   1.000000        0.0        1.0
?7           0.0        0.0  1.000000e+00  ...   1.000000        0.0        1.0
?20          1.0        1.0  3.506868e-05  ...   1.000000        0.0        1.0
?22          0.0        0.0  1.000000e+00  ...   1.000000        0.0        1.0
...          ...        ...           ...  ...        ...        ...        ...
ZYG11B      -1.0        0.0  1.000000e+00  ...   0.034254        0.0        1.0
ZYX         -1.0       -1.0  9.273251e-06  ...   0.000007        0.0        1.0
ZZEF1        1.0        1.0  1.595180e-16  ...   0.000226        0.0        1.0
ZZZ3         1.0        1.0  6.855507e-09  ...   1.000000        0.0        1.0
psiTPTE22    1.0        1.0  1.120176e-06  ...   1.000000        0.0        1.0

[14574 rows x 9 columns]
01:39:11 over.
R[write to console]: Warning message:

R[write to console]: In (function (package, help, pos = 2, lib.loc = NULL, character.only = FALSE,  :
R[write to console]: 
 
R[write to console]:  libraries ‘/usr/local/lib/R/site-library’, ‘/usr/lib/R/site-library’ contain no packages

